[gd_scene load_steps=3 format=2]

[ext_resource path="res://player/m4.glb" type="PackedScene" id=1]

[sub_resource type="CapsuleShape3D" id=1]
radius = 0.54118

[node name="Node3D" type="KinematicBody3D"]
axis_lock_motion_x = true
axis_lock_motion_y = true
axis_lock_motion_z = true
script = null

[node name="Gizmo" type="Node3D" parent="."]
transform = Transform( 0.0388026, 0, 0, 0, 0.0388026, 0, 0, 0, 0.0388026, 0, 0.515538, -0.243752 )
script = null

[node name="Camera3D" type="Camera3D" parent="Gizmo"]
transform = Transform( 11.8208, 0, 0, 0, 11.8208, 0, 0, 0, 11.8208, 0, 0, 0.580393 )
current = true
fov = 40.0
script = null

[node name="m4" parent="Gizmo" instance=ExtResource( 1 )]

[node name="Skeleton3D" parent="Gizmo/m4/Insurgency_Rig" index="0"]
bones/0/pose = Transform( 1, 1.58933e-08, -1.42109e-14, -1.58933e-08, 1, -2.52596e-16, 1.42109e-14, 2.52596e-16, 1, 0, 0, 0 )
bones/1/pose = Transform( 0.800775, 0.598945, 0.00492963, 0.285407, -0.388791, 0.876005, 0.526596, -0.700076, -0.482277, 0, 0, 0 )
bones/2/pose = Transform( 1, 6.84442e-09, 1.53211e-09, -6.84442e-09, 1, -1.88642e-09, -1.53211e-09, 1.88642e-09, 1, 3.89459e-07, -2.67753e-07, 0 )
bones/3/pose = Transform( 0.919837, -0.3923, 2.96695e-06, 0.3923, 0.919837, 1.11063e-06, -3.16481e-06, 1.42342e-07, 1, 4.76837e-07, 0, 0 )
bones/4/pose = Transform( -0.519157, -0.805754, -0.285019, -0.49369, 0.010497, 0.869574, -0.697671, 0.592157, -0.403243, -4.76837e-07, -9.53674e-07, 4.76837e-07 )
bones/5/pose = Transform( 1, -2.40571e-07, -1.96495e-08, 2.40571e-07, 1, 9.82473e-09, 1.96495e-08, -9.82473e-09, 1, -2.168e-07, -1.44534e-07, 0 )
bones/6/pose = Transform( 1, -1.25102e-08, -8.20441e-09, 1.25101e-08, 1, 9.74175e-09, 8.20441e-09, -9.74175e-09, 1, -2.49062e-07, -5.15915e-07, -6.78641e-14 )
bones/7/pose = Transform( 1, 4.17885e-08, 5.49852e-09, -4.17885e-08, 1, -1.11169e-08, -5.49852e-09, 1.11169e-08, 1, 2.49062e-07, 8.18347e-07, 0 )
bones/8/pose = Transform( 1, -2.98699e-09, -9.03335e-09, 2.98699e-09, 1, 1.80667e-08, 9.03335e-09, -1.80667e-08, 1, -6.50401e-07, -1.44534e-07, 2.89067e-07 )
bones/9/pose = Transform( 1, 4.13322e-12, -5.661e-09, -4.13315e-12, 1, 1.22102e-08, 5.661e-09, -1.22102e-08, 1, 2.84643e-07, 4.98125e-07, 0 )
bones/10/pose = Transform( 1, -3.55805e-08, -9.86182e-09, 3.55805e-08, 1, 9.71148e-09, 9.86182e-09, -9.71148e-09, 1, 5.69285e-07, 3.20223e-07, -6.78641e-14 )
bones/11/pose = Transform( 1, 3.51972e-08, 7.45058e-09, -3.51972e-08, 1, -2.19078e-08, -7.45058e-09, 2.19078e-08, 1, -6.50401e-07, 0, 7.22668e-08 )
bones/12/pose = Transform( 1, -1.78814e-07, 1.61363e-08, 1.78814e-07, 1, 2.40328e-09, -1.61363e-08, -2.40327e-09, 1, 2.49062e-07, -9.96249e-07, 5.69285e-07 )
bones/13/pose = Transform( 1, -6.22071e-09, 1.46708e-08, 6.22071e-09, 1, 2.43624e-08, -1.46708e-08, -2.43624e-08, 1, 1.74344e-06, 1.03183e-06, 5.69285e-07 )
bones/14/pose = Transform( 1, -6.92943e-08, 2.93391e-09, 6.92943e-08, 1, 1.91833e-18, -2.93391e-09, 2.01385e-16, 1, -7.22668e-08, 1.7344e-06, 0 )
bones/15/pose = Transform( 1, 5.48234e-08, 1.02948e-08, -5.48234e-08, 1, 1.1198e-08, -1.02948e-08, -1.1198e-08, 1, -8.772e-08, 4.386e-08, 0 )
bones/16/pose = Transform( 1, 5.20711e-13, -3.43593e-09, -5.20712e-13, 1, -4.25534e-10, 3.43593e-09, 4.25534e-10, 1, 3.40776e-07, -1.70388e-07, -1.94729e-07 )
bones/17/pose = Transform( 1, 3.21332e-08, 9.15713e-09, -3.21332e-08, 1, 3.89595e-08, -9.15713e-09, -3.89595e-08, 1, 2.72716e-07, -6.03872e-07, -4.28554e-07 )
bones/18/pose = Transform( 1, -2.88926e-09, 2.50406e-08, 2.88926e-09, 1, 5.4351e-09, -2.50406e-08, -5.4351e-09, 1, -1.20973e-06, 7.64977e-07, 2.84643e-07 )
bones/19/pose = Transform( 1, -5.96155e-08, -1.36434e-08, 5.96155e-08, 1, 3.40025e-08, 1.36434e-08, -3.40025e-08, 1, -5.69285e-07, 3.20223e-07, -8.53928e-07 )
bones/20/pose = Transform( 1, -9.09495e-13, -9.09483e-13, 9.09495e-13, 1, -2.16841e-19, 9.09483e-13, 2.1684e-19, 1, 0, 0, 0 )
bones/21/pose = Transform( 0.991954, 0.043601, 0.118856, -0.0216061, 0.983354, -0.18041, -0.124744, 0.176391, 0.976384, 0, 0, 0 )
bones/22/pose = Transform( 1, -2.48547e-09, 2.81943e-11, 2.48547e-09, 1, -9.31323e-10, -2.81943e-11, 9.31323e-10, 1, 0, 0, 0 )
bones/23/pose = Transform( 0.730732, 0.682664, 7.84688e-06, -0.682664, 0.730732, -3.3876e-06, -8.04656e-06, -2.88135e-06, 1, 0, 2.92063e-06, 1.192e-07 )
bones/24/pose = Transform( -0.11403, 0.949041, -0.2938, -0.993442, -0.11141, 0.0256956, -0.00834615, 0.294804, 0.955521, -2.38419e-07, 9.53674e-07, -9.53674e-07 )
bones/25/pose = Transform( 1, 2.98023e-08, 1.49012e-08, -2.98023e-08, 1, -1.86264e-08, -1.49012e-08, 1.86265e-08, 1, 0, 0, 0 )
bones/26/pose = Transform( 1, -2.98023e-08, -2.22045e-16, 2.98023e-08, 1, 7.45058e-09, 0, -7.45058e-09, 1, 0, 0, 0 )
bones/27/pose = Transform( 1, -2.6729e-07, -7.45059e-09, 2.6729e-07, 1, 2.98023e-08, 7.45058e-09, -2.98023e-08, 1, 0, 0, 0 )
bones/28/pose = Transform( 1, -1.21538e-07, -1.49012e-08, 1.21538e-07, 1, -2.66801e-15, 1.49012e-08, 8.56954e-16, 1, 0, 0, 0 )
bones/29/pose = Transform( 1, 3.38536e-07, 7.45057e-09, -3.38536e-07, 1, -3.72529e-08, -7.45058e-09, 3.72529e-08, 1, 0, 0, 0 )
bones/30/pose = Transform( 1, 9.00628e-08, 1.49012e-08, -9.00628e-08, 1, 2.52384e-08, -1.49012e-08, -2.52384e-08, 1, 0, 0, 0 )
bones/31/pose = Transform( 1, -5.9178e-08, 4.41208e-08, 5.9178e-08, 1, -2.49324e-08, -4.41208e-08, 2.49324e-08, 1, 2.33757e-07, 5.45432e-07, 3.11676e-07 )
bones/32/pose = Transform( 1, -1.04423e-07, -2.1769e-08, 1.04423e-07, 1, -2.54943e-08, 2.1769e-08, 2.54943e-08, 1, 2.33757e-07, 7.79189e-07, 2.32539e-07 )
bones/33/pose = Transform( 1, -3.07987e-08, 1.49012e-08, 3.07987e-08, 1, -3.42352e-08, -1.49012e-08, 3.42352e-08, 1, 2.53236e-07, -7.4023e-07, -8.21801e-09 )
bones/34/pose = Transform( 1, -7.24728e-08, 7.8564e-10, 7.24728e-08, 1, 4.86993e-09, -7.85641e-10, -4.86993e-09, 1, -4.67514e-07, 4.67514e-07, 3.11676e-07 )
bones/35/pose = Transform( 1, -9.8527e-09, -2.21644e-08, 9.8527e-09, 1, 2.40999e-08, 2.21644e-08, -2.40999e-08, 1, -3.89595e-07, 6.42831e-07, 3.11067e-07 )
bones/36/pose = Transform( 1, 4.01795e-09, 3.63788e-08, -4.01796e-09, 1, 1.31738e-08, -3.63788e-08, -1.31738e-08, 1, 1.51942e-06, 3.11676e-07, 7.79189e-07 )
bones/37/pose = Transform( 1, -8.88178e-16, -2.98023e-08, 0, 1, -2.98023e-08, 2.98023e-08, 2.98023e-08, 1, 0, 0, 0 )
bones/38/pose = Transform( 1, -2.08553e-07, 4.39286e-10, 2.08553e-07, 1, -1.43245e-09, -4.39286e-10, 1.43245e-09, 1, 0, 0, 0 )
bones/39/pose = Transform( 1, 1.49026e-08, -8.99206e-10, -1.49026e-08, 1, -2.69711e-09, 8.99206e-10, 2.69711e-09, 1, 0, 0, 0 )
bones/42/pose = Transform( -0.446086, 0.571296, -0.688933, 0.118551, 0.8007, 0.587218, 0.887104, 0.180276, -0.424909, 0, 0, 0 )
bones/43/pose = Transform( 1, -4.05853e-08, -5.28602e-08, 4.05853e-08, 1, 2.98023e-08, 5.28602e-08, -2.98023e-08, 1, 9.73647e-08, -1.94729e-07, -9.73647e-08 )
bones/44/pose = Transform( 0.998349, 0.0562937, 0.0113838, -0.0562936, 0.919838, 0.38824, 0.0113842, -0.388241, 0.921488, 1.66893e-06, 1.19209e-06, 0 )
bones/45/pose = Transform( 1, 9.79661e-09, 3.13712e-07, -5.57207e-08, 0.989177, 0.146727, -3.08879e-07, -0.146727, 0.989177, -7.77699e-07, -2.0171e-06, -3.89102e-07 )
bones/46/pose = Transform( 1, 1.26524e-07, -7.87159e-08, -9.83418e-08, 0.957241, 0.289294, 1.11953e-07, -0.289295, 0.957241, 2.38419e-07, -1.81684e-06, 1.1165e-06 )
bones/47/pose = Transform( 1, -2.3609e-08, -1.47129e-07, 8.40573e-08, 0.904652, 0.426151, 1.2304e-07, -0.426151, 0.904652, -2.38419e-07, -1.89099e-06, 2.49306e-07 )
bones/48/pose = Transform( 1, 4.25172e-07, -3.59449e-07, -1.54926e-07, 0.832617, 0.553849, 5.34765e-07, -0.553848, 0.832618, 9.53674e-07, -1.96121e-06, -1.37909e-07 )
bones/49/pose = Transform( 1, -1.88757e-07, -1.57375e-07, 2.32317e-07, 0.517206, 0.855861, -8.01542e-08, -0.855862, 0.517206, -9.53674e-07, 1.43582e-07, 4.54707e-07 )
bones/50/pose = Transform( 1, -1.73439e-08, 1.74227e-07, -1.67456e-07, -0.385347, 0.92277, 5.11337e-08, -0.922772, -0.385347, -9.53674e-07, -7.90526e-07, -1.19223e-06 )
bones/51/pose = Transform( 1, -1.88046e-07, 9.31911e-08, 1.88046e-07, 1, 3.86182e-08, -9.31911e-08, -3.86182e-08, 1, 9.73647e-08, 3.89459e-07, 9.73647e-08 )
bones/52/pose = Transform( -0.273151, -0.119099, 0.95457, 0.299457, 0.932475, 0.202032, -0.914174, 0.341038, -0.219041, 17.3779, -9.34814, 4.8957 )
bones/53/pose = Transform( 1, 1.13687e-13, 2.01948e-28, -1.13687e-13, 1, 1.77636e-15, 0, -1.77636e-15, 1, 3.89459e-07, 0, -3.89459e-07 )
bones/55/pose = Transform( 1, 0, 2.66665e-15, 0, 1, 0, -2.66665e-15, 0, 1, 0, 0, 0 )
bones/56/pose = Transform( 0.977382, -0.118402, 0.175229, 0.108453, 0.991952, 0.0653381, -0.181555, -0.0448562, 0.982357, 0, 0, 0 )
bones/57/pose = Transform( 1, 0, 0, 0, 1, -1.49012e-08, 0, 1.49012e-08, 1, 0, 0, 0 )
bones/58/pose = Transform( 0.994574, 0.0969019, -0.0378347, -0.0969019, 0.730732, -0.675752, -0.0378346, 0.675752, 0.736158, 6.31437e-07, 9.53674e-07, 4.09782e-08 )
bones/59/pose = Transform( 1, 4.40855e-07, -7.40723e-08, -4.41178e-07, 0.99999, -0.00441615, 7.21248e-08, 0.00441615, 0.99999, 4.76837e-07, -9.51009e-07, 6.00293e-07 )
bones/60/pose = Transform( 1, -1.61635e-07, -2.11963e-07, 1.59757e-07, 0.999961, -0.00883235, 2.13382e-07, 0.00883235, 0.999961, 7.15256e-07, 1.06314e-08, 1.19205e-06 )
bones/61/pose = Transform( 1, 0, 0, 0, 0.999912, -0.0132486, 0, 0.0132486, 0.999912, -1.19209e-06, -9.61563e-07, -5.83235e-07 )
bones/62/pose = Transform( 1, 1.16053e-07, -2.72484e-08, -1.16516e-07, 0.999844, -0.0176643, 2.51941e-08, 0.0176643, 0.999844, -9.53674e-07, 9.5565e-07, 1.0218e-07 )
bones/63/pose = Transform( 1, -2.33969e-07, -5.47005e-08, 2.32167e-07, 0.999522, -0.0309091, 6.19061e-08, 0.0309091, 0.999522, -1.90735e-06, 9.56934e-07, 8.93851e-08 )
bones/64/pose = Transform( 1, -5.2209e-07, -2.27172e-07, 5.07741e-07, 0.998249, -0.0591438, 2.57653e-07, 0.0591438, 0.99825, 4.76837e-07, 2.82744e-06, -6.4684e-07 )
bones/65/pose = Transform( 1, 1.69407e-21, 2.27374e-13, 1.69407e-21, 1, -1.49012e-08, -2.27374e-13, 1.49012e-08, 1, 0, 0, 0 )
bones/66/pose = Transform( 0.5226, 0.649745, 0.552015, 0.586336, 0.196146, -0.785963, -0.618951, 0.73441, -0.278463, -5.73735, -3.45151, 3.78485 )
bones/67/pose = Transform( 1, -4.40714e-08, 9.31322e-10, 4.40714e-08, 1, 1.46905e-08, -9.31323e-10, -1.46905e-08, 1, 0, 0, 0 )
bones/70/pose = Transform( 0.171591, -0.12804, -0.976812, -0.921412, 0.330038, -0.205121, 0.348648, 0.935244, -0.0613463, -1.20935, 3.37389, 9.01651 )
bones/71/pose = Transform( 1, 8.24185e-09, 9.19925e-09, -8.24185e-09, 1, 1.15465e-08, -9.19925e-09, -1.15464e-08, 1, 1.46047e-07, 0, 0 )
bones/72/pose = Transform( 1, -1.95325e-08, 6.93079e-14, 1.95325e-08, 1, 8.9407e-08, -7.10543e-14, -8.9407e-08, 1, -1.01328e-06, 0, 0 )
bones/73/pose = Transform( 1, -1.96969e-13, 2.46675e-08, 1.93744e-13, 1, 1.30756e-07, -2.46675e-08, -1.30756e-07, 1, 0, 0, 0 )
bones/74/pose = Transform( 1, 1.5705e-08, 1.71202e-08, -1.5705e-08, 1, -1.34435e-16, -1.71202e-08, -1.34437e-16, 1, -6.03787e-07, -2.41515e-07, -4.8303e-07 )

[node name="AnimationPlayer" parent="Gizmo/m4" index="1"]
autoplay = "anim"
blend_times = [  ]

[node name="CollisionShape3D" type="CollisionShape3D" parent="."]
shape = SubResource( 1 )
script = null

[editable path="Gizmo/m4"]
